00000000 000000100000000000001010
00000001 000000100001100000010101
00000010 000000110011000011111111
	000000000000000100101100
00000011 000001000100100001011101
00000100 000010000000000000000001
00000101 000010000001100000000010
00000110 000010000011000000000011
00000111 000110010000000011111111
00001000 000110000001100011111111
00001001 000001100011000000011000
00001010 000000000100100000011000
00001011 000001100011000000011000
00001100 000010000001100000000010
00001101 000010000011000000000100
00001110 000010000100100000001000
00001111 000010000000000000000001
00010000 000000000110000001001000
00010001 000000000111100000110000
00010010 000001100000000000011000
00010011 111111111111111111111111
00000000 000000100000000000001010
00000001 000000100001100000010101
00000010 000000110011000011111111
	000000000000000100101100
00000011 000001000100100001011101
00000100 000010000000000000000001
00000101 000010000001100000000010
00000110 000010000011000000000011
00000111 000110010000000011111111
00001000 000110000001100011111111
00001001 000001100011000000011000
00001010 000000000100100000011000
00001011 000001100011000000011000
00001100 000010000001100000000010
00001101 000010000011000000000100
00001110 000010000100100000001000
00001111 000010000000000000000001
00010000 000000000110000001001000
00010001 000000000111100000110000
00010010 000001100000000000011000
00010011 111111111111111111111111
00000000 000000100000000000001010
00000001 000000100001100000010101
00000010 000000110011000011111111
	000000000000000100101100
00000011 000001000100100001011101
00000100 000010000000000000000001
00000101 000010000001100000000010
00000110 000010000011000000000011
00000111 000110010000000011111111
00001000 000110000001100011111111
00001001 000001100011000000011000
00001010 000000000100100000011000
00001011 000001100011000000011000
00001100 000010000001100000000010
00001101 000010000011000000000100
00001110 000010000100100000001000
00001111 000010000000000000000001
00010000 000000000110000001001000
00010001 000000000111100000110000
00010010 000001100000000000011000
00010011 111111111111111111111111
